airplane: 3132, 14, 2271
bicycle: 184, 187, 2546
bird: 1232, 200, 813, 2384, 198
boat: 388, 703, 2170, 2200, 1364, 1803, 1278, 223, 2201, 1602, 1603, 3111
bottle: 250, 808, 2963, 2292, 249, 1071, 902, 2513
bus: 327, 2615, 328
car: 15, 2152, 403, 1000, 1601, 402, 401, 415, 419, 418, 1110, 414
cat: 430
chair: 471, 57, 2679, 705, 2082, 2447, 474, 2142, 3037, 2559, 721, 993, 472, 704, 80, 3104, 725, 1164, 2988, 718, 994, 1561, 1165, 2041
cow: 638, 640
dining table: 692, 1630, 648, 1010, 799, 793, 1057, 3090, 1254, 2692, 2869, 594, 3108, 1691, 1054, 2684, 485, 1333, 2448, 606, 2687, 1948, 2696, 21, 724, 1507, 998, 1334, 406, 1058, 71, 11, 1357, 2281, 794, 2167, 571, 2738
dog: 765, 3105
horse: 411, 1266, 1265, 1253, 3107, 2143
motorcycle: 1563, 1601
person: 1830, 1829, 1831
potted plant: 1913, 1418, 1419, 3003, 1908, 1910, 1911, 1912, 356, 980, 1907, 1909, 978, 1906
sheep: 2325, 2324, 2326, 969
couch: 2472, 2473, 1562
train: 1326, 2058, 1029, 2840, 1461, 2841
tv: 1582, 3109, 1583, 2733, 1584
truck: 2880, 2879, 2928, 645, 2882
traffic light: 2836
fire hydrant: 944
parking meter: 1779
bench: 872, 181, 1383, 3088
elephant: 1252, 849
bear: 163, 164
backpack: 91, 90
umbrella: 2902, 2904, 2903, 2901
handbag: 96, 1178
tie: 2766, 2767, 1650
suitcase: 2849, 97, 98
skis: 2414
snowboard: 2456, 2455, 2457
kite: 1377
baseball glove: 139
skateboard: 2394
surfboard: 2654
tennis racket: 2737
cup: 1917, 677, 1816, 567, 678, 2722, 679, 1759, 566, 565, 1916
fork: 1019, 1408, 1021, 1893
knife: 1378, 1379
spoon: 1516, 2506, 2444, 2505
bowl: 265, 1833, 1034, 2636, 259
banana: 115
apple: 40, 39
sandwich: 2222
orange: 1693, 1692
cake: 1791
bed: 168, 165, 170, 763, 167, 3095, 171, 1506, 169, 2881, 2472, 642, 166, 2289
toilet: 2794, 2791, 2793
laptop: 1407, 1406
mouse: 1611, 1613, 1612, 1614
remote: 2099
keyboard: 1370, 1119, 1849
microwave: 1551, 3134
oven: 1551, 2783, 3134, 1708
toaster: 2782, 2783
sink: 720, 2391, 2388
refrigerator: 2096
book: 237, 241, 242, 238, 240, 243, 236, 1662, 1660, 239
clock: 3121, 17, 735, 530, 531, 532, 1120, 2979
vase: 2554, 2933, 2932
scissors: 2242
toothbrush: 2811
sports ball: 103, 105, 104, 106, 2467, 147, 1944, 1109, 1007
baseball bat: 138, 152
wine glass: 1098
cell phone: 1575, 457
hair drier: 1161
