aeroplane: 3132, 14, 2271
bicycle: 184, 2546, 187
bird: 198, 200, 813, 2384, 1232
boat: 223, 1602, 388, 1603, 3111, 1803, 1364, 2200, 2201, 2170, 1278, 703
bottle: 902, 808, 1071, 2513, 2963, 2292, 249, 250
bus: 328, 2615, 327
car: 1601, 418, 419, 1000, 2152, 15, 401, 402, 403, 1110, 414, 415
cat: 430
chair: 1164, 1165, 2447, 1561, 3104, 2082, 2988, 57, 704, 705, 718, 80, 721, 725, 471, 472, 474, 3037, 2142, 993, 994, 2679, 2041, 2559
cow: 640, 638
diningtable: 2692, 648, 2696, 11, 2448, 3090, 21, 406, 793, 794, 1691, 1948, 1054, 799, 1057, 1058, 3108, 2738, 692, 1333, 1334, 2869, 571, 71, 1357, 594, 724, 606, 1630, 1507, 485, 998, 1254, 2281, 1010, 2167, 2684, 2687
dog: 3105, 765
horse: 3107, 1253, 1265, 1266, 411, 2143
motorbike: 1601, 1563
person: 1829, 1830, 1831
pottedplant: 356, 1418, 1419, 1911, 978, 1906, 980, 1907, 1908, 1909, 1910, 1912, 3003, 1913
sheep: 969, 2324, 2325, 2326
sofa: 2472, 2473, 1562
train: 1029, 2058, 1326, 1461, 2840, 2841
tv monitor: 3109, 2733, 1582, 1583, 1584
